-1.165437622070312500e+02 6.109725952148437500e+01 3.364756345748901367e+00
-1.167292785644531250e+02 3.756032562255859375e+01 2.817907714843750000e+01
-1.133751525878906250e+02 1.574138259887695312e+01 3.664389801025390625e+01
-1.115792388916015625e+02 -4.024831771850585938e+00 3.596759033203125000e+01
-1.063538436889648438e+02 -2.177074813842773438e+01 3.758544158935546875e+01
-9.564185333251953125e+01 -3.639519882202148438e+01 3.881628417968750000e+01
-8.320893859863281250e+01 -4.783844757080078125e+01 6.016341781616210938e+01
-7.046012878417968750e+01 -5.443231964111328125e+01 8.260781860351562500e+01
-5.186998748779296875e+01 -5.650555419921875000e+01 9.078858947753906250e+01
-3.243144226074218750e+01 -5.309291076660156250e+01 8.778405761718750000e+01
-1.231491279602050781e+01 -4.369060516357421875e+01 7.458013916015625000e+01
5.747670650482177734e+00 -3.086742019653320312e+01 5.952247619628906250e+01
1.835056686401367188e+01 -1.476970577239990234e+01 4.929110717773437500e+01
2.172683906555175781e+01 4.231053829193115234e+00 5.042875671386718750e+01
1.754817199707031250e+01 2.234494781494140625e+01 6.530486297607421875e+01
2.314006423950195312e+01 4.430731201171875000e+01 5.466492843627929688e+01
2.889246749877929688e+01 6.765025329589843750e+01 3.648978805541992188e+01
-1.134753570556640625e+02 7.884623718261718750e+01 4.779957580566406250e+01
-1.102007141113281250e+02 9.218753051757812500e+01 6.165913009643554688e+01
-9.936341094970703125e+01 9.730450439453125000e+01 8.309488677978515625e+01
-8.590888977050781250e+01 9.682548522949218750e+01 9.463256835937500000e+01
-7.265818023681640625e+01 9.222694396972656250e+01 9.929246520996093750e+01
-4.826969146728515625e+01 9.326153564453125000e+01 1.042330780029296875e+02
-3.361237716674804688e+01 9.785083007812500000e+01 1.043628997802734375e+02
-1.742594146728515625e+01 9.934963989257812500e+01 1.002106781005859375e+02
-1.050999984145164490e-01 9.420436096191406250e+01 8.780880737304687500e+01
1.100083351135253906e+01 8.305028533935546875e+01 7.106387329101562500e+01
-6.032868194580078125e+01 7.263494873046875000e+01 1.051640777587890625e+02
-6.068988418579101562e+01 6.170977783203125000e+01 1.136182403564453125e+02
-6.217621612548828125e+01 5.046704864501953125e+01 1.221236419677734375e+02
-6.409035491943359375e+01 3.909009170532226562e+01 1.300517578125000000e+02
-7.155230712890625000e+01 2.698452758789062500e+01 1.053089065551757812e+02
-6.615261840820312500e+01 2.508722877502441406e+01 1.109354934692382812e+02
-6.044244384765625000e+01 2.442829513549804688e+01 1.143845214843750000e+02
-5.358387756347656250e+01 2.547211456298828125e+01 1.146979370117187500e+02
-4.618810653686523438e+01 2.784365844726562500e+01 1.100888671875000000e+02
-9.820074462890625000e+01 6.979486083984375000e+01 7.229862213134765625e+01
-9.244654083251953125e+01 7.428486633300781250e+01 8.020675659179687500e+01
-8.373542022705078125e+01 7.434641265869140625e+01 8.158119201660156250e+01
-7.401901245117187500e+01 6.955497741699218750e+01 8.171587371826171875e+01
-8.389808654785156250e+01 6.709692382812500000e+01 8.285920715332031250e+01
-9.248885345458984375e+01 6.564646911621093750e+01 8.050184631347656250e+01
-3.744103240966796875e+01 7.128736877441406250e+01 8.891967010498046875e+01
-3.022447586059570312e+01 7.707063293457031250e+01 9.393565368652343750e+01
-2.166829681396484375e+01 7.699607849121093750e+01 9.582519531250000000e+01
-1.238686180114746094e+01 7.223482513427734375e+01 9.119766998291015625e+01
-2.162415695190429688e+01 6.848605346679687500e+01 9.564604949951171875e+01
-3.021696472167968750e+01 6.866476440429687500e+01 9.441978454589843750e+01
-8.210669708251953125e+01 -1.768240213394165039e+00 8.940393066406250000e+01
-7.564318084716796875e+01 3.838149309158325195e+00 1.009837493896484375e+02
-6.712972259521484375e+01 6.640246391296386719e+00 1.098995208740234375e+02
-5.943142700195312500e+01 3.714563608169555664e+00 1.127626800537109375e+02
-5.189078140258789062e+01 6.339945793151855469e+00 1.138441772460937500e+02
-4.058274841308593750e+01 4.082022666931152344e+00 1.099161376953125000e+02
-2.755941772460937500e+01 -2.650571614503860474e-02 1.006331329345703125e+02
-3.917781066894531250e+01 -6.486262321472167969e+00 1.082792358398437500e+02
-4.972187805175781250e+01 -8.529688835144042969e+00 1.130620269775390625e+02
-5.919955444335937500e+01 -1.031235504150390625e+01 1.123497009277343750e+02
-6.673335266113281250e+01 -8.629106521606445312e+00 1.095078735351562500e+02
-7.519156646728515625e+01 -6.926230430603027344e+00 1.003968963623046875e+02
-7.829376220703125000e+01 -1.141969680786132812e+00 9.158171081542968750e+01
-6.647991943359375000e+01 6.142479926347732544e-02 1.039352569580078125e+02
-5.862505340576171875e+01 -1.288583040237426758e+00 1.071901855468750000e+02
-4.987676239013671875e+01 1.785706579685211182e-01 1.066677703857421875e+02
-3.323439788818359375e+01 6.225869432091712952e-02 1.015852508544921875e+02
-4.970788192749023438e+01 -3.926239013671875000e-01 1.085782012939453125e+02
-5.749317932128906250e+01 -1.423170328140258789e+00 1.077696075439453125e+02
-6.588220214843750000e+01 -6.885474324226379395e-01 1.049336547851562500e+02
